2000
2000
2000
2000
2000
2000
2000
2000
2000
2000
2000
2000
2000
2000
2000
2000
2000
2000
2000
2000
2000
2000
2000
2000
2000
2000
2000
2000
2000
2000
2000
2000
2000
2000
2000
2000
2000
2000
2000
2000
2000
2000
2000
2000
2000
2000
2000
2000
2000
2000
2000
2000
2000
2000
2000
2000
2000
2000
2000
2000
2000
2000
2000
2000
2000
2000
2000
2000
2000
2000
2000
2000
2000
2000
2000
2000
2000
2000
2000
2000
2000
2000
2000
2000
2000
2000
2000
2000
2000
2000
2000
2000
2000
2000
2000
2000
2000
2000
2000
2000
2000
2000
2000
2000
2000
2000
2000
2000
2000
2000
2000
2000
2000
2000
2000
2000
2000
2000
2000
2000
2000
2000
2000
09688
09688
09688
09688
09688
09688
09688
2000
2000
2000
2000
2000
2000
2000
2000
2000
09688
09688
09688
09688
09688
09688
09688
2000
2000
2000
2000
2000
2000
09688
09688
09688
09688
09688
09688
09688
09688
09688
2000
2000
2000
2000
2000
2000
2000
09688
09688
09688
09688
09688
09688
09688
09688
09688
2000
2000
2000
2000
2000
09688
09688
09688
09688
09688
09688
09688
09688
09688
2000
2000
2000
2000
2000
2000
2000
09688
09688
09688
09688
09688
09688
09688
09688
09688
2000
2000
2000
2000
2000
09688
09688
09688
09688
09688
09688
09688
09688
09688
2000
2000
2000
2000
2000
2000
2000
09688
09688
09688
09688
09688
09688
09688
09688
09688
2000
2000
2000
2000
2000
09688
09688
09688
537a6c
946456
6b7264
69486
09789
09688
2000
2000
2000
2000
2000
2000
2000
09688
09688
29587
5f7668
956356
5f7668
29587
09688
09688
2000
2000
2000
2000
2000
09688
09688
09789
906558
ff3e31
bc5649
a9284
0988a
09688
f44336
f44336
f44336
f44336
f44336
f44336
f44336
09688
09789
39587
a85d50
ff3e31
a55e51
39587
09789
09688
2000
2000
2000
2000
2000
09688
09688
09789
906558
e2493c
87685b
89385
09789
29587
f44336
f44336
f44336
f44336
f44336
f44336
f44336
89385
09789
29587
786d60
dd4b3e
a45e51
39587
09789
09688
2000
2000
2000
2000
2000
09688
09688
09789
7f6b5d
926457
1c8d7f
29587
09688
d9284
ef4538
f44336
f44336
f44336
f44336
f44336
f44336
418072
09688
19688
178e80
836a5c
916557
39587
09789
09688
2000
2000
2000
2000
2000
09688
09688
09688
e9183
6d7163
a15f52
99385
09789
0988a
ff281c
f44336
f44336
f44336
f44336
f44336
f74235
ff00
09789
39587
916557
7e6b5e
119082
09688
09688
09688
2000
2000
2000
2000
2000
09688
09688
09688
0988a
687365
bb5649
99385
09688
0918d
57ff72
f43f36
f43d36
f87e38
f43c36
f43f36
ff00
08d93
09688
39587
a95c4f
7f6b5d
0988a
09688
09688
09688
2000
2000
2000
2000
2000
09688
09688
09688
09789
2a887a
4c7c6e
39587
39787
7ec062
ffeb37
f98938
f99438
fff63b
fa9c39
f88538
ffe238
98c95a
69886
19688
457f71
338577
09789
09688
09688
09688
2000
2000
2000
2000
2000
09688
09688
09688
09688
09789
09789
09688
99985
bfd64e
ffec3a
ffea3b
ffea3b
ffeb3b
ffea3b
ffea3b
ffec3a
d1dc49
129c82
09688
09789
09789
09688
09688
09688
09688
2000
2000
2000
2000
2000
09688
09688
09688
09688
09688
09688
09688
99985
c0d64e
ffec3a
ffeb3b
ffeb3b
ffeb3b
ffeb3b
ffeb3b
ffec3a
d1dc49
139c82
09688
09688
09688
09688
09688
09688
09688
2000
2000
2000
2000
2000
09688
09688
09688
09688
09688
09688
09688
99985
c0d64e
ffec3a
ffeb3b
ffeb3b
ffeb3b
ffeb3b
ffeb3b
ffec3a
d1dc49
139c82
09688
09688
09688
09688
09688
09688
09688
2000
2000
2000
2000
2000
09688
09688
09688
09688
09688
09688
09688
99985
bfd64e
ffec3a
ffeb3b
fdea3c
f6e83e
fcea3c
ffeb3b
ffec3a
d1dc49
139c82
09688
09688
09688
09688
09688
09688
09688
2000
2000
2000
2000
2000
09688
09688
09688
09688
09688
09688
09589
a9985
bfd64e
ffed39
ffec3a
d0db49
49ae72
c1d64e
ffed3a
ffec3a
d1dc49
149d82
09589
09688
09688
09688
09688
09688
09688
2000
2000
2000
2000
2000
2000
09688
09688
09688
09688
09688
0948a
a9985
5bb46d
66ba69
66bb69
4bb172
19788
42ae74
67bb69
66ba69
5fb66b
129c83
0938a
09688
09688
09688
09688
09688
2000
2000
2000
2000
2000
2000
2000
2000
2000
2000
2000
09688
09589
08e90
0948b
427c72
637267
487b70
59486
407e72
637167
497a6f
0938a
0938d
09589
09688
2000
2000
2000
2000
2000
2000
2000
2000
2000
2000
2000
2000
2000
2000
2000
09688
09688
0988a
09789
b4594b
fb4134
b7584a
b9284
a45e51
fc4033
c45346
69486
0998b
09688
09688
2000
2000
2000
2000
2000
2000
2000
2000
2000
2000
2000
2000
2000
2000
2000
09688
09688
09688
09789
8d6659
fc4033
ca5144
119082
ba574a
fc4033
a25f51
39587
09688
09688
09688
2000
2000
2000
2000
2000
2000
2000
2000
2000
2000
2000
2000
2000
2000
2000
09688
09688
09688
09688
906558
e3493c
c75245
a45e51
c65345
df4a3d
a55e51
39587
09688
09688
09688
2000
2000
2000
2000
2000
2000
2000
2000
2000
2000
2000
2000
2000
2000
2000
09688
09688
09688
09688
b8574a
27897b
129082
129082
119082
218b7d
c75245
39587
09688
09688
09688
2000
2000
2000
2000
2000
2000
2000
2000
2000
2000
2000
2000
2000
2000
2000
09688
09688
09688
09688
1f8c7e
09789
09688
09688
09688
09789
29887a
39587
09688
09688
09688
2000
2000
2000
2000
2000
2000
2000
2000
2000
2000
2000
2000
2000
2000
2000
2000
2000
2000
2000
09688
09688
09688
09688
09688
09688
09688
09688
2000
2000
2000
2000
2000
2000
2000
2000
2000
2000
2000
2000
2000
2000
2000
2000
2000
2000
2000
2000
2000
2000
09688
09688
09688
09688
09688
09688
09688
09688
2000
2000
2000
2000
2000
2000
2000
2000
2000
2000
2000
2000
2000
2000
2000
2000
2000
2000
2000
2000
2000
2000
2000
2000
2000
2000
2000
2000
2000
2000
2000
2000
2000
2000
2000
2000
2000
2000
2000
2000
2000
