2000
2000
2000
2000
2000
2000
2000
2000
2000
2000
2000
2000
2000
2000
2000
2000
2000
2000
2000
2000
2000
2000
2000
2000
2000
2000
2000
2000
2000
2000
2000
2000
2000
2000
2000
2000
2000
2000
2000
2000
2000
2000
2000
2000
2000
2000
2000
2000
2000
2000
2000
2000
2000
2000
2000
2000
2000
2000
2000
2000
2000
2000
2000
2000
2000
2000
2000
2000
2000
2000
2000
2000
2000
2000
2000
2000
2000
2000
2000
2000
2000
2000
2000
2000
2000
2000
2000
2000
2000
2000
2000
2000
2000
2000
2000
2000
2000
2000
2000
2000
2000
2000
2000
2000
2000
2000
2000
2000
2000
2000
2000
2000
2000
2000
2000
2000
2000
2000
2000
2000
2000
2000
2000
2000
2000
2000
dc40
dc40
dc40
dc40
dc40
dc40
dc40
2000
2000
2000
2000
2000
2000
2000
2000
2000
2000
2000
dc40
dc40
cc40
cc40
cc40
cc40
cc40
cc40
dc40
dc40
2000
2000
2000
2000
2000
2000
2000
2000
2000
2000
dc40
dc40
7c20
11c54
12c65
12c65
12c64
fc52
cc40
dc40
2000
2000
2000
2000
2000
2000
2000
2000
2000
2000
dc40
dc40
ac30
30d022
66e157
68e259
53db44
10c53
cc40
dc40
2000
2000
2000
2000
2000
2000
2000
2000
2000
2000
dc40
dc40
ac30
34d126
84eb74
87ec77
64e155
10c53
cc40
dc40
2000
2000
2000
2000
2000
2000
2000
2000
2000
2000
dc40
dc40
ac30
34d126
82eb72
85ec75
63e054
10c53
cc40
dc40
2000
2000
2000
2000
2000
2000
2000
2000
2000
2000
dc40
dc40
ac30
34d126
82eb72
85ec75
63e054
10c53
cc40
dc40
2000
2000
2000
2000
2000
2000
2000
2000
2000
2000
dc40
dc40
ac30
34d126
82eb72
85ec75
63e054
10c53
cc40
dc40
2000
2000
2000
2000
2000
2000
2000
2000
2000
2000
dc40
dc40
ac30
34d126
82eb72
85ec75
63e054
10c53
cc40
dc40
2000
2000
2000
2000
2000
2000
2000
2000
2000
2000
dc40
dc40
ac30
34d126
82eb72
85ec75
63e054
10c53
cc40
dc40
2000
2000
2000
2000
2000
2000
2000
2000
2000
2000
dc40
dc40
ac30
34d126
82eb72
85ec75
63e054
10c53
cc40
dc40
2000
2000
2000
2000
2000
2000
2000
2000
2000
2000
dc40
dc40
ac30
34d126
82eb72
85ec75
63e054
10c53
cc40
dc40
2000
2000
2000
2000
2000
2000
2000
2000
2000
2000
dc40
dc40
ac30
34d126
82eb72
85ec75
63e054
10c53
cc40
dc40
2000
2000
2000
2000
2000
2000
2000
2000
2000
2000
dc40
dc40
ac30
34d126
82eb72
85ec75
63e054
10c53
cc40
dc40
2000
2000
2000
2000
2000
2000
2000
2000
2000
2000
dc40
dc40
ac30
34d126
82eb72
85ec75
63e054
10c53
cc40
dc40
2000
2000
2000
2000
2000
2000
2000
2000
2000
2000
dc40
dc40
ac30
34d126
82eb72
85ec75
63e054
10c53
cc40
dc40
2000
2000
2000
2000
2000
2000
2000
2000
2000
2000
dc40
dc40
ac30
34d126
82eb72
85ec75
63e054
10c53
cc40
dc40
2000
2000
2000
2000
2000
2000
2000
2000
2000
2000
dc40
dc40
ac30
34d126
82eb72
85ec75
63e054
10c53
cc40
dc40
2000
2000
2000
2000
2000
2000
2000
2000
2000
2000
dc40
dc40
ac30
34d126
82eb72
85ec75
63e054
10c53
cc40
dc40
2000
2000
2000
2000
2000
2000
2000
2000
2000
2000
dc40
dc40
ac30
34d126
82eb72
85ec75
63e054
10c53
cc40
dc40
2000
2000
2000
2000
2000
2000
2000
2000
2000
2000
dc40
dc40
ac30
34d126
82eb72
85ec75
63e054
10c53
cc40
dc40
2000
2000
2000
2000
2000
2000
2000
2000
2000
2000
dc40
dc40
ac30
34d126
82eb72
85ec75
63e054
10c53
cc40
dc40
2000
2000
2000
2000
2000
2000
2000
2000
2000
2000
dc40
dc40
ac30
34d126
82eb72
85ec75
63e054
10c53
cc40
dc40
2000
2000
2000
2000
2000
2000
2000
2000
2000
2000
dc40
dc40
ac30
34d126
82eb72
85ec75
63e054
10c53
cc40
dc40
2000
2000
2000
2000
2000
2000
2000
2000
2000
2000
dc40
dc40
ac30
34d126
82eb72
85ec75
63e054
10c53
cc40
dc40
2000
2000
2000
2000
2000
2000
2000
2000
2000
2000
dc40
dc40
ac30
34d126
82eb72
85ec75
63e054
10c53
cc40
dc40
2000
2000
2000
2000
2000
2000
2000
2000
2000
2000
dc40
dc40
ac30
34d126
82eb72
85ec75
63e054
10c53
cc40
dc40
2000
2000
2000
2000
2000
2000
2000
2000
2000
2000
dc40
dc40
ac30
34d126
82eb72
85ec75
63e054
10c53
cc40
dc40
2000
2000
2000
2000
2000
2000
2000
2000
2000
2000
dc40
dc40
ac30
33d125
7fea6f
81ea71
61e052
10c53
cc40
dc40
2000
2000
2000
2000
2000
2000
2000
2000
2000
2000
dc40
dc40
ac30
21cb13
2bce1e
2cce1e
29cd1b
10c53
cc40
dc40
2000
2000
2000
2000
2000
2000
2000
2000
2000
2000
dc40
dc40
cc40
ac30
ac30
ac30
ac30
1c00
dc40
dc40
2000
2000
2000
2000
2000
2000
2000
2000
2000
2000
2000
2000
dc40
dc40
dc40
dc40
dc40
dc40
dc40
2000
2000
2000
2000
2000
2000
2000
2000
2000
2000
2000
2000
2000
dc40
dc40
dc40
dc40
dc40
dc40
dc40
2000
2000
2000
2000
2000
2000
2000
2000
2000
2000
2000
2000
2000
2000
2000
2000
2000
2000
2000
2000
2000
2000
2000
2000
2000
2000
2000
2000
2000
2000
2000
2000
2000
2000
2000
2000
2000
2000
2000
2000
2000
2000
2000
2000
2000
2000
2000
2000
2000
2000
2000
2000
2000
2000
2000
2000
2000
2000
2000
2000
2000
2000
2000
2000
2000
2000
2000
2000
2000
2000
2000
2000
2000
2000
2000
2000
2000
2000
2000
2000
2000
2000
2000
2000
2000
2000
2000
2000
2000
2000
2000
2000
2000
2000
2000
2000
2000
2000
2000
2000
2000
2000
2000
2000
2000
2000
2000
2000
2000
2000
2000
2000
2000
2000
2000
2000
2000
2000
2000
2000
2000
2000
2000
2000
2000
2000
2000
2000
2000
2000
2000
2000
2000
2000
2000
2000
2000
2000
2000
2000
2000
2000
2000
2000
2000
2000
2000
2000
2000
2000
2000
2000
2000
2000
2000
2000
2000
2000
2000
2000
2000
2000
2000
2000
2000
2000
2000
2000
2000
2000
2000
2000
2000
2000
2000
2000
2000
2000
2000
2000
2000
2000
2000
2000
2000
2000
2000
2000
2000
2000
2000
2000
2000
2000
2000
2000
2000
2000
2000
2000
2000
2000
2000
2000
2000
2000
2000
